 1950 -2.00233333333333
 1950.08333333333 -1.68166666666667
 1950.16666666667 -1.36466666666666
 1950.25 -1.42966666666668
 1950.33333333333 -1.63200000000001
 1950.41666666667 -1.131
 1950.5 -0.888666666666669
 1950.58333333333 -0.954000000000001
 1950.66666666667 -0.987333333333329
 1950.75 -0.983000000000001
 1950.83333333333 -1.15766666666666
 1950.91666666667 -1.271
 1951 -1.31233333333333
 1951.08333333333 -1.03166666666667
 1951.16666666667 -0.334666666666667
 1951.25 -0.129666666666679
 1951.33333333333 0.107999999999993
 1951.41666666667 0.138999999999999
 1951.5 0.421333333333333
 1951.58333333333 0.186
 1951.66666666667 0.502666666666673
 1951.75 0.526999999999997
 1951.83333333333 0.622333333333337
 1951.91666666667 0.349
 1952 0.117666666666675
 1952.08333333333 -0.00166666666667226
 1952.16666666667 -0.064666666666664
 1952.25 0.0903333333333229
 1952.33333333333 -0.0220000000000091
 1952.41666666667 -0.411000000000001
 1952.5 -0.648666666666667
 1952.58333333333 -0.533999999999999
 1952.66666666667 -0.367333333333328
 1952.75 -0.413
 1952.83333333333 -0.707666666666661
 1952.91666666667 -0.350999999999999
 1953 0.187666666666672
 1953.08333333333 0.258333333333329
 1953.16666666667 0.335333333333335
 1953.25 0.330333333333321
 1953.33333333333 0.467999999999993
 1953.41666666667 0.529
 1953.5 0.251333333333331
 1953.58333333333 0.106000000000002
 1953.66666666667 0.282666666666675
 1953.75 0.196999999999999
 1953.83333333333 0.252333333333336
 1953.91666666667 0.439
 1954 0.427666666666674
 1954.08333333333 0.28833333333333
 1954.16666666667 -0.334666666666667
 1954.25 -1.06966666666668
 1954.33333333333 -0.692000000000007
 1954.41666666667 -0.791
 1954.5 -1.06866666666667
 1954.58333333333 -1.404
 1954.66666666667 -1.60733333333333
 1954.75 -1.443
 1954.83333333333 -1.05766666666666
 1954.91666666667 -1.301
 1955 -0.942333333333327
 1955.08333333333 -0.931666666666672
 1955.16666666667 -1.01466666666667
 1955.25 -1.10966666666668
 1955.33333333333 -1.15200000000001
 1955.41666666667 -1.041
 1955.5 -1.02866666666667
 1955.58333333333 -1.324
 1955.66666666667 -1.44733333333333
 1955.75 -2.263
 1955.83333333333 -2.37766666666666
 1955.91666666667 -1.991
 1956 -1.21233333333333
 1956.08333333333 -0.981666666666669
 1956.16666666667 -0.774666666666665
 1956.25 -0.859666666666676
 1956.33333333333 -0.682000000000009
 1956.41666666667 -0.781000000000002
 1956.5 -0.948666666666668
 1956.58333333333 -1.154
 1956.66666666667 -0.997333333333327
 1956.75 -0.923000000000002
 1956.83333333333 -1.06766666666666
 1956.91666666667 -0.850999999999999
 1957 -0.512333333333327
 1957.08333333333 -0.201666666666672
 1957.16666666667 0.225333333333335
 1957.25 0.520333333333323
 1957.33333333333 0.737999999999992
 1957.41666666667 0.768999999999998
 1957.5 0.991333333333333
 1957.58333333333 0.856000000000002
 1957.66666666667 0.712666666666674
 1957.75 0.747
 1957.83333333333 0.992333333333338
 1957.91666666667 1.339
 1958 1.77766666666667
 1958.08333333333 1.49833333333333
 1958.16666666667 1.03533333333333
 1958.25 0.560333333333322
 1958.33333333333 0.49799999999999
 1958.41666666667 0.398999999999997
 1958.5 0.141333333333332
 1958.58333333333 0.0160000000000018
 1958.66666666667 -0.327333333333328
 1958.75 -0.223000000000003
 1958.83333333333 0.122333333333337
 1958.91666666667 0.0590000000000011
 1959 0.517666666666674
 1959.08333333333 0.438333333333329
 1959.16666666667 0.235333333333333
 1959.25 0.170333333333321
 1959.33333333333 -0.112000000000009
 1959.41666666667 -0.221
 1959.5 -0.738666666666667
 1959.58333333333 -0.744
 1959.66666666667 -0.807333333333325
 1959.75 -0.433000000000003
 1959.83333333333 -0.587666666666664
 1959.91666666667 -0.381
 1960 -0.282333333333327
 1960.08333333333 -0.451666666666672
 1960.16666666667 -0.254666666666665
 1960.25 -0.219666666666679
 1960.33333333333 -0.132000000000009
 1960.41666666667 -0.351000000000003
 1960.5 -0.298666666666669
 1960.58333333333 -0.134
 1960.66666666667 -0.287333333333326
 1960.75 -0.453000000000003
 1960.83333333333 -0.367666666666661
 1960.91666666667 -0.341000000000001
 1961 -0.322333333333326
 1961.08333333333 -0.181666666666672
 1961.16666666667 -0.294666666666664
 1961.25 -0.349666666666678
 1961.33333333333 -0.0620000000000083
 1961.41666666667 0.0790000000000006
 1961.5 -0.288666666666668
 1961.58333333333 -0.643999999999998
 1961.66666666667 -0.947333333333326
 1961.75 -0.963000000000001
 1961.83333333333 -0.557666666666663
 1961.91666666667 -0.591000000000001
 1962 -0.592333333333325
 1962.08333333333 -0.551666666666669
 1962.16666666667 -0.434666666666665
 1962.25 -0.579666666666679
 1962.33333333333 -0.762000000000008
 1962.41666666667 -0.511000000000003
 1962.5 -0.418666666666667
 1962.58333333333 -0.504000000000001
 1962.66666666667 -0.787333333333326
 1962.75 -0.703000000000003
 1962.83333333333 -0.877666666666663
 1962.91666666667 -0.890999999999998
 1963 -0.782333333333327
 1963.08333333333 -0.521666666666672
 1963.16666666667 -0.054666666666666
 1963.25 0.0703333333333234
 1963.33333333333 -0.182000000000009
 1963.41666666667 0.0289999999999999
 1963.5 0.601333333333333
 1963.58333333333 0.646000000000001
 1963.66666666667 0.672666666666672
 1963.75 0.686999999999998
 1963.83333333333 0.842333333333336
 1963.91666666667 1.059
 1964 0.787666666666674
 1964.08333333333 0.388333333333328
 1964.16666666667 -0.214666666666666
 1964.25 -0.759666666666678
 1964.33333333333 -0.992000000000008
 1964.41666666667 -1.001
 1964.5 -0.84866666666667
 1964.58333333333 -1.234
 1964.66666666667 -1.40733333333333
 1964.75 -1.303
 1964.83333333333 -1.36766666666666
 1964.91666666667 -1.331
 1965 -0.892333333333326
 1965.08333333333 -0.551666666666669
 1965.16666666667 -0.294666666666664
 1965.25 -0.329666666666679
 1965.33333333333 0.17799999999999
 1965.41666666667 0.498999999999999
 1965.5 0.72133333333333
 1965.58333333333 1.136
 1965.66666666667 1.28266666666667
 1965.75 1.497
 1965.83333333333 1.49233333333334
 1965.91666666667 1.399
 1966 1.11766666666668
 1966.08333333333 0.80833333333333
 1966.16666666667 0.975333333333335
 1966.25 0.450333333333322
 1966.33333333333 -0.262000000000008
 1966.41666666667 0.0489999999999995
 1966.5 0.15133333333333
 1966.58333333333 -0.353999999999999
 1966.66666666667 -0.457333333333327
 1966.75 -0.453000000000003
 1966.83333333333 -0.397666666666662
 1966.91666666667 -0.530999999999999
 1967 -0.672333333333327
 1967.08333333333 -0.631666666666671
 1967.16666666667 -0.734666666666666
 1967.25 -0.969666666666679
 1967.33333333333 -0.462000000000007
 1967.41666666667 -0.121000000000002
 1967.5 -0.208666666666669
 1967.58333333333 -0.393999999999998
 1967.66666666667 -0.867333333333328
 1967.75 -0.703000000000003
 1967.83333333333 -0.547666666666665
 1967.91666666667 -0.611000000000001
 1968 -0.862333333333325
 1968.08333333333 -1.06166666666667
 1968.16666666667 -0.904666666666667
 1968.25 -0.609666666666676
 1968.33333333333 -0.622000000000007
 1968.41666666667 0.288999999999998
 1968.5 0.40133333333333
 1968.58333333333 0.176000000000002
 1968.66666666667 -0.00733333333332808
 1968.75 0.0769999999999982
 1968.83333333333 0.572333333333336
 1968.91666666667 0.709
 1969 0.947666666666674
 1969.08333333333 1.11833333333333
 1969.16666666667 0.585333333333335
 1969.25 0.420333333333321
 1969.33333333333 0.477999999999991
 1969.41666666667 0.0990000000000002
 1969.5 -0.09866666666667
 1969.58333333333 0.186
 1969.66666666667 0.422666666666672
 1969.75 0.666999999999998
 1969.83333333333 0.472333333333339
 1969.91666666667 0.419
 1970 0.277666666666672
 1970.08333333333 0.208333333333329
 1970.16666666667 -0.0946666666666651
 1970.25 0.0303333333333207
 1970.33333333333 -0.182000000000009
 1970.41666666667 -0.551000000000002
 1970.5 -0.968666666666667
 1970.58333333333 -1.234
 1970.66666666667 -1.07733333333333
 1970.75 -1.073
 1970.83333333333 -1.05766666666666
 1970.91666666667 -1.291
 1971 -1.74233333333333
 1971.08333333333 -1.56166666666667
 1971.16666666667 -1.31466666666666
 1971.25 -1.07966666666668
 1971.33333333333 -0.862000000000009
 1971.41666666667 -0.991
 1971.5 -1.04866666666667
 1971.58333333333 -1.084
 1971.66666666667 -1.00733333333333
 1971.75 -1.203
 1971.83333333333 -1.06766666666666
 1971.91666666667 -1.191
 1972 -0.932333333333325
 1972.08333333333 -0.44166666666667
 1972.16666666667 -0.144666666666666
 1972.25 0.180333333333323
 1972.33333333333 0.507999999999992
 1972.41666666667 0.588999999999999
 1972.5 0.961333333333332
 1972.58333333333 1.116
 1972.66666666667 1.22266666666667
 1972.75 1.587
 1972.83333333333 1.98233333333334
 1972.91666666667 2.129
 1973 1.78766666666667
 1973.08333333333 1.20833333333333
 1973.16666666667 0.315333333333335
 1973.25 -0.469666666666679
 1973.33333333333 -0.852000000000007
 1973.41666666667 -1.041
 1973.5 -1.41866666666667
 1973.58333333333 -1.614
 1973.66666666667 -1.66733333333333
 1973.75 -1.943
 1973.83333333333 -2.29766666666666
 1973.91666666667 -2.231
 1974 -2.09233333333333
 1974.08333333333 -1.64166666666667
 1974.16666666667 -1.39466666666667
 1974.25 -1.24966666666668
 1974.33333333333 -1.17200000000001
 1974.41666666667 -1.061
 1974.5 -0.788666666666668
 1974.58333333333 -0.504000000000001
 1974.66666666667 -0.647333333333329
 1974.75 -0.893000000000001
 1974.83333333333 -1.01766666666666
 1974.91666666667 -0.931000000000001
 1975 -0.462333333333326
 1975.08333333333 -0.67166666666667
 1975.16666666667 -1.04466666666666
 1975.25 -0.849666666666678
 1975.33333333333 -1.01200000000001
 1975.41666666667 -1.361
 1975.5 -1.27866666666667
 1975.58333333333 -1.504
 1975.66666666667 -1.67733333333333
 1975.75 -1.783
 1975.83333333333 -1.57766666666666
 1975.91666666667 -1.891
 1976 -2.01233333333333
 1976.08333333333 -1.25166666666667
 1976.16666666667 -0.774666666666665
 1976.25 -0.829666666666679
 1976.33333333333 -0.612000000000009
 1976.41666666667 -0.241
 1976.5 -0.0486666666666693
 1976.58333333333 0.146000000000001
 1976.66666666667 0.292666666666673
 1976.75 0.786999999999999
 1976.83333333333 0.782333333333337
 1976.91666666667 0.529
 1977 0.767666666666674
 1977.08333333333 0.388333333333328
 1977.16666666667 0.235333333333333
 1977.25 -0.269666666666676
 1977.33333333333 -0.0920000000000094
 1977.41666666667 0.148999999999997
 1977.5 0.201333333333331
 1977.58333333333 0.0160000000000018
 1977.66666666667 0.392666666666674
 1977.75 0.677
 1977.83333333333 0.562333333333338
 1977.91666666667 0.728999999999999
 1978 0.617666666666675
 1978.08333333333 0.258333333333329
 1978.16666666667 -0.144666666666666
 1978.25 -0.589666666666677
 1978.33333333333 -0.612000000000009
 1978.41666666667 -0.571000000000002
 1978.5 -0.43866666666667
 1978.58333333333 -0.763999999999999
 1978.66666666667 -0.717333333333325
 1978.75 -0.423000000000002
 1978.83333333333 -0.297666666666665
 1978.91666666667 -0.0210000000000008
 1979 -0.142333333333326
 1979.08333333333 -0.21166666666667
 1979.16666666667 0.0353333333333339
 1979.25 0.120333333333321
 1979.33333333333 -0.122000000000007
 1979.41666666667 -0.161000000000001
 1979.5 -0.358666666666668
 1979.58333333333 -0.0839999999999996
 1979.66666666667 0.262666666666671
 1979.75 0.156999999999996
 1979.83333333333 0.362333333333336
 1979.91666666667 0.548999999999999
 1980 0.527666666666672
 1980.08333333333 0.228333333333328
 1980.16666666667 0.075333333333333
 1980.25 0.0403333333333222
 1980.33333333333 0.197999999999993
 1980.41666666667 0.349
 1980.5 0.0513333333333321
 1980.58333333333 -0.353999999999999
 1980.66666666667 -0.287333333333326
 1980.75 -0.213000000000001
 1980.83333333333 -0.0276666666666614
 1980.91666666667 0.0889999999999986
 1981 -0.372333333333327
 1981.08333333333 -0.631666666666671
 1981.16666666667 -0.594666666666665
 1981.25 -0.419666666666679
 1981.33333333333 -0.452000000000009
 1981.41666666667 -0.321000000000002
 1981.5 -0.52866666666667
 1981.58333333333 -0.504000000000001
 1981.66666666667 -0.197333333333326
 1981.75 -0.253
 1981.83333333333 -0.337666666666664
 1981.91666666667 -0.161000000000001
 1982 0.117666666666675
 1982.08333333333 -0.151666666666671
 1982.16666666667 0.175333333333334
 1982.25 0.320333333333323
 1982.33333333333 0.577999999999992
 1982.41666666667 0.669
 1982.5 0.481333333333332
 1982.58333333333 0.745999999999999
 1982.66666666667 1.48266666666667
 1982.75 2.037
 1982.83333333333 1.99233333333334
 1982.91666666667 2.239
 1983 2.33766666666667
 1983.08333333333 1.94833333333333
 1983.16666666667 1.42533333333333
 1983.25 1.06033333333332
 1983.33333333333 1.02799999999999
 1983.41666666667 0.678999999999998
 1983.5 0.00133333333333141
 1983.58333333333 -0.244
 1983.66666666667 -0.527333333333328
 1983.75 -1.113
 1983.83333333333 -1.21766666666666
 1983.91666666667 -0.991
 1984 -0.672333333333327
 1984.08333333333 -0.181666666666672
 1984.16666666667 -0.464666666666666
 1984.25 -0.569666666666677
 1984.33333333333 -0.612000000000009
 1984.41666666667 -0.761000000000003
 1984.5 -0.388666666666669
 1984.58333333333 -0.224
 1984.66666666667 -0.347333333333328
 1984.75 -0.633000000000003
 1984.83333333333 -1.10766666666666
 1984.91666666667 -1.311
 1985 -1.17233333333333
 1985.08333333333 -0.71166666666667
 1985.16666666667 -0.734666666666666
 1985.25 -1.06966666666668
 1985.33333333333 -0.91200000000001
 1985.41666666667 -0.781000000000002
 1985.5 -0.61866666666667
 1985.58333333333 -0.533999999999999
 1985.66666666667 -0.707333333333327
 1985.75 -0.443000000000001
 1985.83333333333 -0.297666666666665
 1985.91666666667 -0.370999999999999
 1986 -0.662333333333326
 1986.08333333333 -0.69166666666667
 1986.16666666667 -0.364666666666665
 1986.25 -0.219666666666679
 1986.33333333333 -0.41200000000001
 1986.41666666667 -0.170999999999999
 1986.5 0.00133333333333141
 1986.58333333333 0.336000000000002
 1986.66666666667 0.512666666666671
 1986.75 0.856999999999999
 1986.83333333333 1.08233333333334
 1986.91666666667 1.159
 1987 1.12766666666667
 1987.08333333333 1.13833333333333
 1987.16666666667 1.03533333333333
 1987.25 0.680333333333323
 1987.33333333333 0.74799999999999
 1987.41666666667 1.059
 1987.5 1.41133333333333
 1987.58333333333 1.586
 1987.66666666667 1.63266666666667
 1987.75 1.287
 1987.83333333333 1.14233333333334
 1987.91666666667 0.978999999999999
 1988 0.897666666666673
 1988.08333333333 0.28833333333333
 1988.16666666667 0.145333333333333
 1988.25 -0.329666666666679
 1988.33333333333 -1.13200000000001
 1988.41666666667 -1.601
 1988.5 -1.61866666666667
 1988.58333333333 -1.174
 1988.66666666667 -1.00733333333333
 1988.75 -1.853
 1988.83333333333 -1.97766666666666
 1988.91666666667 -1.931
 1989 -1.97233333333333
 1989.08333333333 -1.46166666666667
 1989.16666666667 -1.15466666666667
 1989.25 -0.969666666666679
 1989.33333333333 -0.75200000000001
 1989.41666666667 -0.451000000000001
 1989.5 -0.458666666666669
 1989.58333333333 -0.504000000000001
 1989.66666666667 -0.307333333333325
 1989.75 -0.353000000000002
 1989.83333333333 -0.377666666666663
 1989.91666666667 -0.100999999999999
 1990 0.00766666666667248
 1990.08333333333 0.21833333333333
 1990.16666666667 0.0953333333333326
 1990.25 0.190333333333321
 1990.33333333333 0.207999999999991
 1990.41666666667 0.0489999999999995
 1990.5 0.201333333333331
 1990.58333333333 0.236000000000001
 1990.66666666667 0.212666666666674
 1990.75 0.256999999999998
 1990.83333333333 0.182333333333336
 1990.91666666667 0.388999999999999
 1991 0.477666666666675
 1991.08333333333 0.32833333333333
 1991.16666666667 0.0853333333333346
 1991.25 0.300333333333324
 1991.33333333333 0.387999999999991
 1991.41666666667 0.658999999999999
 1991.5 0.871333333333332
 1991.58333333333 0.696000000000002
 1991.66666666667 0.412666666666674
 1991.75 0.906999999999996
 1991.83333333333 1.27233333333334
 1991.91666666667 1.729
 1992 1.82766666666667
 1992.08333333333 1.78833333333333
 1992.16666666667 1.42533333333333
 1992.25 1.31033333333332
 1992.33333333333 1.16799999999999
 1992.41666666667 0.709
 1992.5 0.331333333333333
 1992.58333333333 0.0760000000000005
 1992.66666666667 -0.0773333333333284
 1992.75 -0.253
 1992.83333333333 -0.207666666666661
 1992.91666666667 -0.120999999999999
 1993 0.137666666666675
 1993.08333333333 0.418333333333329
 1993.16666666667 0.435333333333336
 1993.25 0.700333333333322
 1993.33333333333 0.897999999999993
 1993.41666666667 0.488999999999997
 1993.5 0.341333333333331
 1993.58333333333 0.155999999999999
 1993.66666666667 0.342666666666673
 1993.75 0.0969999999999978
 1993.83333333333 0.082333333333338
 1993.91666666667 0.199000000000002
 1994 0.0876666666666743
 1994.08333333333 0.068333333333328
 1994.16666666667 0.155333333333335
 1994.25 0.370333333333321
 1994.33333333333 0.42799999999999
 1994.41666666667 0.448999999999998
 1994.5 0.361333333333331
 1994.58333333333 0.545999999999999
 1994.66666666667 0.472666666666672
 1994.75 0.796999999999997
 1994.83333333333 1.18233333333334
 1994.91666666667 1.289
 1995 1.01766666666667
 1995.08333333333 0.748333333333328
 1995.16666666667 0.515333333333334
 1995.25 0.390333333333324
 1995.33333333333 0.00799999999999201
 1995.41666666667 -0.00100000000000122
 1995.5 -0.09866666666667
 1995.58333333333 -0.603999999999999
 1995.66666666667 -0.847333333333328
 1995.75 -0.833000000000002
 1995.83333333333 -1.02766666666666
 1995.91666666667 -0.911000000000001
 1996 -0.862333333333325
 1996.08333333333 -0.85166666666667
 1996.16666666667 -0.564666666666664
 1996.25 -0.359666666666676
 1996.33333333333 -0.262000000000008
 1996.41666666667 -0.301000000000002
 1996.5 -0.328666666666667
 1996.58333333333 -0.193999999999999
 1996.66666666667 -0.457333333333327
 1996.75 -0.403000000000002
 1996.83333333333 -0.337666666666664
 1996.91666666667 -0.611000000000001
 1997 -0.542333333333325
 1997.08333333333 -0.361666666666672
 1997.16666666667 -0.194666666666667
 1997.25 0.270333333333323
 1997.33333333333 0.76799999999999
 1997.41666666667 1.229
 1997.5 1.68133333333333
 1997.58333333333 1.916
 1997.66666666667 2.12266666666667
 1997.75 2.407
 1997.83333333333 2.49233333333334
 1997.91666666667 2.329
 1998 2.37766666666667
 1998.08333333333 2.03833333333333
 1998.16666666667 1.38533333333334
 1998.25 0.890333333333324
 1998.33333333333 0.697999999999993
 1998.41666666667 -0.251000000000001
 1998.5 -0.878666666666668
 1998.58333333333 -1.264
 1998.66666666667 -1.26733333333333
 1998.75 -1.423
 1998.83333333333 -1.38766666666666
 1998.91666666667 -1.651
 1999 -1.69233333333333
 1999.08333333333 -1.31166666666667
 1999.16666666667 -0.904666666666667
 1999.25 -1.00966666666668
 1999.33333333333 -1.02200000000001
 1999.41666666667 -1.061
 1999.5 -1.04866666666667
 1999.58333333333 -1.204
 1999.66666666667 -1.09733333333333
 1999.75 -1.193
 1999.83333333333 -1.50766666666666
 1999.91666666667 -1.701
 2000 -1.77233333333333
 2000.08333333333 -1.53166666666667
 2000.16666666667 -0.934666666666665
 2000.25 -0.759666666666678
 2000.33333333333 -0.742000000000008
 2000.41666666667 -0.651
 2000.5 -0.548666666666669
 2000.58333333333 -0.463999999999999
 2000.66666666667 -0.527333333333328
 2000.75 -0.653000000000002
 2000.83333333333 -0.707666666666661
 2000.91666666667 -0.881
 2001 -0.742333333333328
 2001.08333333333 -0.62166666666667
 2001.16666666667 -0.434666666666665
 2001.25 -0.379666666666679
 2001.33333333333 -0.212000000000007
 2001.41666666667 -0.0510000000000019
 2001.5 0.0713333333333317
 2001.58333333333 -0.0339999999999989
 2001.66666666667 -0.207333333333327
 2001.75 -0.103000000000002
 2001.83333333333 -0.297666666666665
 2001.91666666667 -0.370999999999999
 2002 -0.162333333333326
 2002.08333333333 -0.0316666666666698
 2002.16666666667 0.0553333333333335
 2002.25 0.130333333333322
 2002.33333333333 0.42799999999999
 2002.41666666667 0.849
 2002.5 0.851333333333333
 2002.58333333333 0.885999999999999
 2002.66666666667 1.08266666666667
 2002.75 1.287
 2002.83333333333 1.54233333333334
 2002.91666666667 1.409
 2003 0.597666666666672
 2003.08333333333 0.64833333333333
 2003.16666666667 0.415333333333333
 2003.25 -0.0296666666666781
 2003.33333333333 -0.492000000000008
 2003.41666666667 -0.151
 2003.5 0.321333333333332
 2003.58333333333 0.276
 2003.66666666667 0.262666666666671
 2003.75 0.466999999999999
 2003.83333333333 0.412333333333336
 2003.91666666667 0.469000000000001
 2004 0.257666666666672
 2004.08333333333 0.23833333333333
 2004.16666666667 0.165333333333333
 2004.25 0.180333333333323
 2004.33333333333 0.187999999999992
 2004.41666666667 0.268999999999998
 2004.5 0.601333333333333
 2004.58333333333 0.786000000000001
 2004.66666666667 0.802666666666674
 2004.75 0.766999999999999
 2004.83333333333 0.732333333333337
 2004.91666666667 0.779
 2005 0.657666666666675
 2005.08333333333 0.368333333333329
 2005.16666666667 0.495333333333335
 2005.25 0.370333333333321
 2005.33333333333 0.42799999999999
 2005.41666666667 0.178999999999998
 2005.5 -0.11866666666667
 2005.58333333333 -0.0339999999999989
 2005.66666666667 -0.0473333333333272
 2005.75 -0.0230000000000032
 2005.83333333333 -0.517666666666663
 2005.91666666667 -0.881
 2006 -0.922333333333327
 2006.08333333333 -0.661666666666672
 2006.16666666667 -0.664666666666665
 2006.25 -0.209666666666678
 2006.33333333333 0.0379999999999932
 2006.41666666667 0.138999999999999
 2006.5 0.121333333333332
 2006.58333333333 0.326000000000001
 2006.66666666667 0.592666666666673
 2006.75 0.736999999999998
 2006.83333333333 1.06233333333334
 2006.91666666667 1.179
 2007 0.687666666666672
 2007.08333333333 0.138333333333328
 2007.16666666667 -0.134666666666664
 2007.25 -0.209666666666678
 2007.33333333333 -0.352000000000007
 2007.41666666667 -0.221
 2007.5 -0.468666666666667
 2007.58333333333 -0.693999999999999
 2007.66666666667 -1.11733333333333
 2007.75 -1.353
 2007.83333333333 -1.45766666666666
 2007.91666666667 -1.551
 2008 -1.69233333333333
 2008.08333333333 -1.66166666666667
 2008.16666666667 -1.16466666666667
 2008.25 -0.879666666666679
 2008.33333333333 -0.722000000000008
 2008.41666666667 -0.551000000000002
 2008.5 -0.18866666666667
 2008.58333333333 -0.114000000000001
 2008.66666666667 -0.257333333333328
 2008.75 -0.303000000000001
 2008.83333333333 -0.377666666666663
 2008.91666666667 -0.821000000000002